4 5
1 3
2 14
3 8
12 10
12 1
6 5
0 6
0 3
14 0
8 9
1 14
7 2
9 8
14 6
3 5
5 2
1 1
0 13
8 7
14 5
14 10
7 11
9 5
6 2
10 11
4 8
0 2
13 11
11 2
0 14
11 11
12 13
13 5
4 9
1 8
6 10
4 6
0 9
8 4
13 6
11 8
6 13
9 11
13 10
2 1
11 1
2 4
1 10
6 3
14 9
11 0
1 6
10 9
2 0
3 7
3 13
6 1
12 3
4 1
10 4
5 12
12 6
12 0
8 13
3 12
1 5
3 10
0 0
13 7
10 10
7 12
13 9
2 6
14 7
12 12
6 4
10 1
14 2
14 4
9 14
8 3
4 7
10 8
10 14
1 4
0 1
9 1
8 11
7 3
13 4
9 13
3 11
1 13
9 4
7 14
12 2
9 3
13 0
11 12
14 1
1 9
7 0
2 11
10 5
2 8
0 10
5 6
6 14
8 2
4 0
10 12
6 11
9 6
11 4
3 2
10 0
10 13
6 7
1 11
10 2
5 7
7 5
9 2
7 1
12 7
3 14
11 5
4 3
11 7
11 6
8 1
2 7
8 12
6 0
14 12
14 14
8 14
4 14
6 6
2 12
12 9
1 12
6 12
12 4
5 0
5 14
0 8
13 14
11 3
0 11
0 5
6 8
6 9
13 3
7 13
2 5
5 13
1 7
3 3
10 3
5 4
2 9
13 13
7 6
9 7
12 5
3 6
10 6
4 4
5 5
7 9
3 1
0 7
3 9
4 11
8 5
8 0
10 7
11 13
13 2
9 9
12 14
13 8
14 3
2 2
0 4
7 7
9 0
11 10
4 13
5 8
3 4
7 4
9 12
5 11
3 0
4 2
13 1
11 14
5 9
5 3
12 8
9 10
4 12
11 9
5 10
8 10
14 11
13 12
2 13
2 10
1 2
4 10
12 11
2 3
14 8
8 8
14 13
0 12
1 0
7 8
7 10
5 1
8 6
