4 2
11 13
5 14
7 14
5 11
2 4
11 5
6 0
9 0
8 13
3 1
14 1
1 2
12 2
14 8
6 3
4 12
10 12
11 9
13 5
12 12
4 9
11 11
13 3
5 5
13 6
8 11
5 6
9 6
12 11
6 2
5 1
9 4
11 4
5 4
12 8
10 14
6 8
13 0
12 3
5 10
13 11
11 10
0 11
13 7
10 7
4 6
1 12
4 0
7 1
13 9
4 1
7 6
14 13
8 10
4 4
7 12
2 6
14 6
11 14
12 1
1 8
10 3
5 7
14 10
0 0
12 7
7 5
3 3
5 0
0 5
9 9
1 9
5 3
8 0
2 5
7 2
11 8
7 10
0 8
9 5
14 3
0 4
2 11
7 8
6 7
0 13
12 10
2 13
13 13
12 5
6 1
3 7
4 11
1 14
6 14
9 13
13 4
0 2
7 0
3 6
14 0
9 3
2 2
13 1
3 2
3 11
7 13
4 7
0 12
12 14
8 1
1 13
10 13
2 8
14 14
9 10
14 12
13 2
1 4
6 4
6 13
3 12
6 5
8 6
13 10
9 2
4 5
14 7
7 4
1 1
9 14
4 14
6 12
12 6
9 11
3 8
4 8
10 5
1 3
3 13
5 8
8 2
2 12
0 7
0 9
6 9
3 9
4 10
12 0
1 0
7 11
8 8
14 4
2 14
13 12
0 6
7 7
0 14
6 10
9 1
10 1
14 5
7 9
0 3
4 3
11 1
8 14
10 8
2 10
11 12
2 1
10 9
1 7
4 13
8 4
1 10
9 8
10 2
5 12
