6 5
19 21
21 2
23 0
15 4
6 13
8 2
10 5
15 15
23 22
0 22
10 18
20 6
21 19
22 2
11 19
2 13
22 13
19 5
13 8
14 21
7 8
16 3
20 24
23 17
21 3
16 13
2 12
5 17
20 14
1 6
9 7
10 13
21 20
17 13
23 2
22 7
15 0
1 23
13 9
17 7
19 23
13 20
16 11
15 18
5 6
7 18
0 13
22 22
21 1
11 4
6 1
8 17
9 17
7 24
9 5
19 18
24 0
6 12
7 9
15 6
11 13
3 12
17 20
22 15
12 24
21 4
4 10
20 9
14 23
5 3
9 3
9 6
23 24
8 1
5 9
4 16
14 14
23 6
14 7
17 3
3 21
18 9
20 1
7 6
21 16
5 2
2 15
21 8
12 15
0 8
1 19
17 2
19 3
8 7
20 17
13 7
14 9
24 19
19 10
0 16
0 18
14 3
14 8
24 10
7 14
10 2
19 17
3 2
1 16
8 12
24 2
15 20
0 3
20 16
11 20
3 10
18 6
1 20
16 2
2 24
3 22
8 3
9 11
6 20
18 11
11 1
11 6
17 11
8 15
16 8
16 15
15 1
6 17
9 20
7 1
16 17
16 7
0 7
20 23
14 18
0 14
16 23
1 10
10 15
21 23
10 22
2 17
18 5
9 0
9 18
17 15
15 24
10 17
19 24
23 15
13 22
10 14
2 18
12 1
17 12
22 0
10 23
8 10
21 11
18 4
22 5
20 13
6 14
10 21
22 1
8 5
13 6
10 11
3 7
15 13
3 4
20 4
7 13
16 16
2 6
9 21
1 13
10 19
20 18
1 7
3 11
6 15
0 1
12 19
10 9
20 11
9 8
9 1
17 18
11 18
2 2
8 14
22 19
2 8
21 18
4 20
4 7
23 21
15 19
7 16
19 14
20 22
7 12
21 5
6 22
3 0
5 7
17 8
0 19
24 11
19 19
17 14
12 16
17 23
8 6
22 10
19 9
17 21
20 5
0 24
2 1
5 12
16 4
19 22
6 4
16 9
10 12
5 24
22 24
23 20
18 2
14 16
20 2
6 18
0 20
18 22
12 5
0 4
18 13
13 14
4 13
21 10
23 8
21 0
12 6
3 17
8 4
24 3
9 15
5 0
11 17
23 14
7 10
24 24
19 20
13 24
9 2
11 7
4 22
23 9
0 11
19 2
8 0
14 2
20 3
11 10
4 14
2 20
19 13
23 3
22 11
18 23
11 2
2 10
19 4
22 12
19 0
13 0
0 0
7 3
20 7
6 2
19 15
2 11
15 16
9 22
8 13
12 18
5 15
3 24
22 3
0 2
22 21
17 5
19 6
19 8
1 5
23 16
1 9
4 9
0 10
12 11
5 1
3 3
14 5
18 19
3 18
21 9
4 19
14 1
17 19
4 23
13 11
16 12
10 8
14 15
6 7
9 14
17 24
4 18
20 21
9 9
18 15
10 1
2 22
22 17
15 23
22 16
11 15
21 12
4 5
14 0
13 15
1 14
2 5
24 22
19 1
12 12
7 2
24 13
2 9
8 20
17 9
18 8
16 20
21 13
23 7
12 22
20 20
15 11
7 5
18 16
10 20
0 6
18 20
2 23
2 7
14 6
15 17
16 22
24 20
13 3
13 21
3 9
4 17
13 12
23 4
9 23
4 21
17 16
7 20
12 14
8 18
13 1
18 0
8 23
12 13
4 1
14 24
21 14
20 12
11 14
9 4
18 21
17 22
8 16
24 9
13 19
21 6
12 0
24 1
17 1
23 12
9 24
22 14
21 21
5 14
17 6
7 21
20 19
12 17
7 7
16 5
19 12
5 11
11 16
5 16
12 2
7 23
13 2
11 21
14 13
16 19
19 16
12 20
12 8
11 12
12 10
15 21
1 0
23 23
16 24
2 4
5 10
12 23
11 5
13 13
21 17
8 9
18 12
10 10
0 5
5 19
3 15
7 19
15 9
5 23
6 8
24 5
16 6
10 0
4 8
6 6
10 24
14 10
11 3
10 7
11 0
23 5
7 0
2 3
14 19
8 8
1 18
3 13
20 15
1 3
13 5
20 10
1 2
4 0
22 9
9 10
7 22
7 4
2 19
19 11
16 1
3 1
10 16
21 24
9 16
16 14
1 12
24 4
18 17
12 7
4 6
5 5
24 17
4 3
15 7
16 18
10 4
13 10
1 8
24 18
6 11
6 10
12 3
1 24
8 11
22 18
23 19
3 14
17 10
10 6
6 23
11 24
3 16
18 10
15 2
21 22
7 15
23 18
5 13
13 17
22 23
10 3
15 14
6 16
7 11
23 1
1 4
22 20
3 20
14 11
20 8
24 15
6 19
6 3
17 4
1 22
24 14
11 23
12 4
24 23
18 18
3 8
1 1
17 0
9 13
1 15
14 17
4 12
24 7
5 18
2 16
11 9
7 17
2 14
3 6
14 12
18 14
24 16
17 17
24 8
22 6
22 8
11 11
6 24
6 0
24 21
16 10
1 21
22 4
21 15
21 7
4 24
20 0
18 1
11 8
4 4
3 5
0 15
5 21
18 3
8 22
11 22
18 7
16 21
18 24
6 21
13 16
24 12
13 18
1 11
16 0
13 23
23 13
0 9
8 21
5 20
9 12
14 4
15 3
13 4
23 10
14 20
19 7
3 23
15 5
23 11
5 4
12 21
12 9
0 21
15 8
8 19
14 22
2 21
5 8
24 6
4 2
0 12
4 11
3 19
15 22
15 10
6 9
0 23
2 0
1 17
5 22
9 19
15 12
0 17
4 15
8 24
